%Authur: Awabuallah Syed 
function xdot = HIRES(t,x)
xdot=zeros(8,1);
xdot = [-1.71*x(1) + 0.43*x(2) + 8.32*x(3) + 0.007;
    1.71*x(1) - 8.75*x(2);
    -10.03*x(3) + 0.43*x(4) + 0.035*x(5);
    8.32*x(2) + 1.71*x(3) - 1.12*x(4);
    -1.745*x(5) + 0.43*x(6) + 0.43*x(7);
    -280*x(6)*x(8) + 0.69*x(4) + 1.71*x(5) - 0.43*x(6) + 0.69*x(7);
    280*x(6)*x(8) - 1.81*x(7);
    -280*x(6)*x(8) + 1.81*x(7);];
end
